xb =

  160  160  160  159  160  153  161  158
  160  160  160  159  160  153  161  158
  160  160  160  159  160  153  161  158
  160  160  160  159  160  153  161  158
  160  160  160  159  160  153  161  158
  162  162  155  153  159  157  156  157
  158  158  162  156  158  160  156  152
  156  156  153  154  155  156  153  155

p=1
Yq =

    11     5     4     3     2     2     1     1
     0     0     0     0     0     0     0     0
     0     0     0     0     0     0     0     0
     0     0     0     0     0     0     0     0
     0     0     0     0     0     0     0     0
     0     0     0     0     0     0     0     0
     0     0     0     0     0     0     0     0
     0     0     0     0     0     0     0     0

p=2
Yq =

     5     3     2     1     1     1     1     1
     0     0     0     0     0     0     0     0
     0     0     0     0     0     0     0     0
     0     0     0     0     0     0     0     0
     0     0     0     0     0     0     0     0
     0     0     0     0     0     0     0     0
     0     0     0     0     0     0     0     0
     0     0     0     0     0     0     0     0

p=4
Yq =

     3     1     1     1     1     0     0     0
     0     0     0     0     0     0     0     0
     0     0     0     0     0     0     0     0
     0     0     0     0     0     0     0     0
     0     0     0     0     0     0     0     0
     0     0     0     0     0     0     0     0
     0     0     0     0     0     0     0     0
     0     0     0     0     0     0     0     0